514
553,554,777,862
516,517,743,762
773
262,656,907
263,417,423,442,443,444,795,895,897
264,265,266,267,498
648
522,523,836
584,737
15,16,216,424,579
487,488
841
20,21,22,72,92,163,173,230,259,260,325,326,327,416,495,518,524,538,606,641,673,728,787,821,885,887,894,898,920,945,946,966
277
12,13,14,19,23,24,25,26,27,28,29,30,31,32,33,34,35,36,37,38,39,40,126,151,171,251,293,370,420,535,545,565,588,590,609,624,651,707,721,722,753,785,812,854,872,878,915,953,964,996,997
281,949
282,283,363,364,365,480,559,589,752,932
669
285,286,774,809
798
681,682
549,550,678,694,934
295,296,378,379,380,381,382,383,384,385,386,387,388,389,390,391,392,393,394,395,396,397,398,479,643,680,719,761,943,948
632
41,42,51,85,86,87,93,94,95,196,197,198,199,200,201,202,203,204,205,206,207,422,453,510,536,540,581,593,626,642,677,686,714,776,778,793,801,820,829,850,908,917,918,942,955,970,974
8,9,10,11,43,44,324,358,362,374,406,407,421,466,499,500,501,502,503,504,505,506,525,529,649,661,666,699,700,729,765,805,827,833,893,912,913,922,957,967
45,46,269,273,274,322,461,592,638,639,640,657,735,760,819,838
47,48
49,50
562
435
52,53,185,368,595,814
54,55,56,58,211,481,611,612,755,842,928,938,1004
57,59,520,718,803,849,863
926,927
60,61,947
62,63,107,279,300,306,418,571,582,625,662,687,702,730,733,748,769,825,834,837,858,892,921,944
585
321
64,65,229,528,786,998
66,67
580
68,69,287,713,800,952,958,962
70,71,186,217,431,432,433
328,329,410,989
0,1
75,76,119,253,261
78,79,497,539
77,811
334,335,794
80,81,375,475,476,477,478,577,578,911
663,679
82,83,84,105,121,162,288,473,492,494,496,546,601,693,715,739,740,747,767,771,780,792,853,886,890,906
596,597
670
88,89,96,591,604,610,619,750,806,866,867,881,919,925
90,91,106,187,249,255,268,405,469,474,607,671,690,796,828,891,896
613,614
97,98,99,100,101,102,323
353,354,371,770
356,357,454
359,360,441,558,569,570,602
103,104,150,250,526,782
617,618
691
108,109,110,111,112,190
658
623
113,114,333,361,547,847,976,981,983
660
302,303,304
115,914
372,373,594
630
631
376,377,483,734,764,959,960,961,985
275,276
122,123,172,179,413,440,741,802,818
703
636
124,125,937
855
127,128,129,130,180,183,214,257,258,270,278,294,458,490,493,542,543,544,600,831,835,840,909,940,956,1003
457,910
744
131,132,411,717,784,788,864,986,987,988
645
646
320,616,628,810,868,904
135,136
137,138,254,685,815,901,982
139,140,164,445,446,447,448,799,929
653
141,142,332,355,576,674
143
144,145,999
146,147,779
659
148,149,468
772
409
153,366,467,758,984
152
154,155,213,215,284,434,450,460,465,512,533,551,608,650,720,723,749,756,813,877,951
923
704
156,157,191,342,343,344,345,346,347,348,349,350,351,352,511,572,668,726,824,839,851,852,861,903
414,415,449,603,605,697,797,846,916
158,159,599,963
160,161
675
165,166,367,404,654,655,708,709,725,742,757,783,882,883
167,168,491,515,789
425,426,664,873,874
683
684
428,429,676,933
519
174,175,252,305,369,532,552,845,865,880,924
176,177,178
116,169,170,212,318,427,436,437,438,439,455,470,485,486,527,548,615,816,860,875,900
181,182,541,869
905
17,18,73,74,120,133,218,219,220,221,222,223,224,225,226,227,228,248,297,301,307,308,309,310,311,312,313,314,315,316,317,330,331,341,399,459,513,560,629,696,759,775,857,1002
184,627,968,969
698
637
188,189,710,745,941
117,118
2,3,4,5,6,7,134,192,193,194,195,340,412,586,587,598,665,751,807,826,832,859,884,888,899,902,971,973,975,990,991,994,1001
620
695
451,452,566,573,830
711
456
716
462,463,561,701
808
208
209,210,233,234,235,236,237,238,239,240,241,242,243,244,319,507,564,622,876,879,977
930,931
980
633
471,472
731
732
634,635
736
336,337,338,339,724
408,993
231,232,280,289,290,291,292,464,537,556,563,574,692,781,843,871,939,1000
489,644,950
746
647
271,272
508,509,972
705
979
246,247
530
992
763
298,299
